<?xml version="1.0" encoding="utf-8"?>
<COLLADA xmlns="http://www.collada.org/2005/11/COLLADASchema" version="1.4.1">
  <asset><contributor><author></author><authoring_tool>FBX COLLADA exporter</authoring_tool><comments></comments></contributor><created>2018-06-18T16:25:55Z</created><keywords></keywords><modified>2018-06-18T16:25:55Z</modified><revision></revision><subject></subject><title></title><unit meter="1.000000" name="centimeter"></unit><up_axis>Y_UP</up_axis></asset>
  <library_materials>
    <material id="Standard" name="Standard">
      <instance_effect url="#Standard-fx"/>
    </material>
  </library_materials>
  <library_effects>
    <effect id="Standard-fx" name="Standard">
      <profile_COMMON>
        <technique sid="standard">
          <phong>
            <emission>
              <color sid="emission">0.000000  0.000000 0.000000 1.000000</color>
            </emission>
            <ambient>
              <color sid="ambient">0.000000  0.000000 0.000000 1.000000</color>
            </ambient>
            <diffuse>
              <color sid="diffuse">0.137255  1.000000 0.000000 1.000000</color>
            </diffuse>
            <specular>
              <color sid="specular">0.083922  0.056471 0.056471 1.000000</color>
            </specular>
            <shininess>
              <float sid="shininess">50.000000</float>
            </shininess>
            <reflective>
              <color sid="reflective">0.000000  0.000000 0.000000 1.000000</color>
            </reflective>
            <reflectivity>
              <float sid="reflectivity">1.000000</float>
            </reflectivity>
            <transparent opaque="RGB_ZERO">
              <color sid="transparent">1.000000  1.000000 1.000000 1.000000</color>
            </transparent>
            <transparency>
              <float sid="transparency">0.000000</float>
            </transparency>
          </phong>
        </technique>
      </profile_COMMON>
    </effect>
  </library_effects>
  <library_geometries>
    <geometry id="Box-lib" name="BoxMesh">
      <mesh>
        <source id="Box-POSITION">
          <float_array id="Box-POSITION-array" count="24">
0.500000 0.250000 0.050500
0.500000 0.250000 -0.050500
0.500000 -0.250000 0.050500
0.500000 -0.250000 -0.050500
-0.500000 0.250000 -0.050500
-0.500000 0.250000 0.050500
-0.500000 -0.250000 -0.050500
-0.500000 -0.250000 0.050500
</float_array>
          <technique_common>
            <accessor source="#Box-POSITION-array" count="8" stride="3">
              <param name="X" type="float"/>
              <param name="Y" type="float"/>
              <param name="Z" type="float"/>
            </accessor>
          </technique_common>
        </source>
        <source id="Box-Normal0">
          <float_array id="Box-Normal0-array" count="72">
1.000000 0.000000 0.000000
1.000000 0.000000 0.000000
1.000000 0.000000 0.000000
1.000000 0.000000 0.000000
-1.000000 0.000000 0.000000
-1.000000 0.000000 0.000000
-1.000000 0.000000 0.000000
-1.000000 0.000000 0.000000
0.000000 1.000000 0.000000
0.000000 1.000000 0.000000
0.000000 1.000000 0.000000
0.000000 1.000000 0.000000
0.000000 -1.000000 0.000000
0.000000 -1.000000 0.000000
0.000000 -1.000000 0.000000
0.000000 -1.000000 0.000000
0.000000 0.000000 1.000000
0.000000 0.000000 1.000000
0.000000 0.000000 1.000000
0.000000 0.000000 1.000000
0.000000 0.000000 -1.000000
0.000000 0.000000 -1.000000
0.000000 0.000000 -1.000000
0.000000 0.000000 -1.000000
</float_array>
          <technique_common>
            <accessor source="#Box-Normal0-array" count="24" stride="3">
              <param name="X" type="float"/>
              <param name="Y" type="float"/>
              <param name="Z" type="float"/>
            </accessor>
          </technique_common>
        </source>
        <source id="Box-UV0">
          <float_array id="Box-UV0-array" count="48">
0.000000 1.000000
0.000000 0.000000
1.000000 0.000000
1.000000 1.000000
0.000000 1.000000
0.000000 0.000000
1.000000 0.000000
1.000000 1.000000
0.000000 1.000000
0.000000 0.000000
1.000000 0.000000
1.000000 1.000000
0.000000 1.000000
0.000000 0.000000
1.000000 0.000000
1.000000 1.000000
0.000000 1.000000
0.000000 0.000000
1.000000 0.000000
1.000000 1.000000
0.000000 1.000000
0.000000 0.000000
1.000000 0.000000
1.000000 1.000000
</float_array>
          <technique_common>
            <accessor source="#Box-UV0-array" count="24" stride="2">
              <param name="S" type="float"/>
              <param name="T" type="float"/>
            </accessor>
          </technique_common>
        </source>
        <vertices id="Box-VERTEX">
          <input semantic="POSITION" source="#Box-POSITION"/>
        </vertices>
        <polylist count="6" material="Standard"><input semantic="VERTEX" offset="0" source="#Box-VERTEX"/><input semantic="NORMAL" offset="1" source="#Box-Normal0"/><input semantic="TEXCOORD" offset="2" set="0" source="#Box-UV0"/><vcount>4 4 4 4 4 4 </vcount><p> 0 0 0 2 1 1 3 2 2 1 3 3 4 4 4 6 5 5 7 6 6 5 7 7 4 8 8 5 9 9 0 10 10 1 11 11 7 12 12 6 13 13 3 14 14 2 15 15 5 16 16 7 17 17 2 18 18 0 19 19 1 20 20 3 21 21 6 22 22 4 23 23</p></polylist>
      </mesh>
    </geometry>
    <geometry id="Box1-lib" name="Box1Mesh">
      <mesh>
        <source id="Box1-POSITION">
          <float_array id="Box1-POSITION-array" count="18">
0.250000 0.000517 0.050000
0.250000 0.000517 -0.050000
-0.250000 0.500000 -0.050000
-0.250000 0.500000 0.050000
-0.250000 -0.500000 -0.050000
-0.250000 -0.500000 0.050000
</float_array>
          <technique_common>
            <accessor source="#Box1-POSITION-array" count="6" stride="3">
              <param name="X" type="float"/>
              <param name="Y" type="float"/>
              <param name="Z" type="float"/>
            </accessor>
          </technique_common>
        </source>
        <source id="Box1-Normal0">
          <float_array id="Box1-Normal0-array" count="54">
-1.000000 0.000000 0.000000
-1.000000 0.000000 0.000000
-1.000000 0.000000 0.000000
-1.000000 0.000000 0.000000
0.706741 0.707472 0.000000
0.706741 0.707472 0.000000
0.706741 0.707472 0.000000
0.706741 0.707472 0.000000
0.707472 -0.706742 0.000000
0.707472 -0.706742 0.000000
0.707472 -0.706742 0.000000
0.707472 -0.706742 0.000000
0.000000 0.000000 1.000000
0.000000 0.000000 1.000000
0.000000 0.000000 1.000000
0.000000 0.000000 -1.000000
0.000000 0.000000 -1.000000
0.000000 0.000000 -1.000000
</float_array>
          <technique_common>
            <accessor source="#Box1-Normal0-array" count="18" stride="3">
              <param name="X" type="float"/>
              <param name="Y" type="float"/>
              <param name="Z" type="float"/>
            </accessor>
          </technique_common>
        </source>
        <source id="Box1-UV0">
          <float_array id="Box1-UV0-array" count="36">
0.000000 1.000000
0.000000 0.000000
1.000000 0.000000
1.000000 1.000000
0.000000 1.000000
0.000000 0.000000
1.000000 0.000000
1.000000 1.000000
0.000000 1.000000
0.000000 0.000000
1.000000 0.000000
1.000000 1.000000
0.000000 1.000000
0.000000 0.000000
1.000000 0.000000
0.000000 1.000000
1.000000 0.000000
1.000000 1.000000
</float_array>
          <technique_common>
            <accessor source="#Box1-UV0-array" count="18" stride="2">
              <param name="S" type="float"/>
              <param name="T" type="float"/>
            </accessor>
          </technique_common>
        </source>
        <vertices id="Box1-VERTEX">
          <input semantic="POSITION" source="#Box1-POSITION"/>
        </vertices>
        <polylist count="5" material="Standard"><input semantic="VERTEX" offset="0" source="#Box1-VERTEX"/><input semantic="NORMAL" offset="1" source="#Box1-Normal0"/><input semantic="TEXCOORD" offset="2" set="0" source="#Box1-UV0"/><vcount>4 4 4 3 3 </vcount><p> 2 0 0 4 1 1 5 2 2 3 3 3 2 4 4 3 5 5 0 6 6 1 7 7 5 8 8 4 9 9 1 10 10 0 11 11 3 12 12 5 13 13 0 14 14 1 15 15 4 16 16 2 17 17</p></polylist>
      </mesh>
    </geometry>
  </library_geometries>
  <library_animations>
    <animation id="CameraPreset-anim" name="CameraPreset"><animation><source id="CameraPreset-Matrix-animation-input"><float_array id="CameraPreset-Matrix-animation-input-array" count="361">

0.000000 0.033333 0.066667 0.100000 0.133333 0.166667 0.200000 0.233333 0.266667 0.300000 0.333333 0.366667 0.400000 0.433333 0.466667 0.500000
0.533333 0.566667 0.600000 0.633333 0.666667 0.700000 0.733333 0.766667 0.800000 0.833333 0.866667 0.900000 0.933333 0.966667 1.000000 1.033333
1.066667 1.100000 1.133333 1.166667 1.200000 1.233333 1.266667 1.300000 1.333333 1.366667 1.400000 1.433333 1.466667 1.500000 1.533333 1.566667
1.600000 1.633333 1.666667 1.700000 1.733333 1.766667 1.800000 1.833333 1.866667 1.900000 1.933333 1.966667 2.000000 2.033333 2.066667 2.100000
2.133333 2.166667 2.200000 2.233333 2.266667 2.300000 2.333333 2.366667 2.400000 2.433333 2.466667 2.500000 2.533333 2.566667 2.600000 2.633333
2.666667 2.700000 2.733333 2.766667 2.800000 2.833333 2.866667 2.900000 2.933333 2.966667 3.000000 3.033333 3.066667 3.100000 3.133333 3.166667
3.200000 3.233333 3.266667 3.300000 3.333333 3.366667 3.400000 3.433333 3.466667 3.500000 3.533333 3.566667 3.600000 3.633333 3.666667 3.700000
3.733333 3.766667 3.800000 3.833333 3.866667 3.900000 3.933333 3.966667 4.000000 4.033333 4.066667 4.100000 4.133333 4.166667 4.200000 4.233333
4.266667 4.300000 4.333333 4.366667 4.400000 4.433333 4.466667 4.500000 4.533333 4.566667 4.600000 4.633333 4.666667 4.700000 4.733333 4.766667
4.800000 4.833333 4.866667 4.900000 4.933333 4.966667 5.000000 5.033333 5.066667 5.100000 5.133333 5.166667 5.200000 5.233333 5.266667 5.300000
5.333333 5.366667 5.400000 5.433333 5.466667 5.500000 5.533333 5.566667 5.600000 5.633333 5.666667 5.700000 5.733333 5.766667 5.800000 5.833333
5.866667 5.900000 5.933333 5.966667 6.000000 6.033333 6.066667 6.100000 6.133333 6.166667 6.200000 6.233333 6.266667 6.300000 6.333333 6.366667
6.400000 6.433333 6.466667 6.500000 6.533333 6.566667 6.600000 6.633333 6.666667 6.700000 6.733333 6.766667 6.800000 6.833333 6.866667 6.900000
6.933333 6.966667 7.000000 7.033333 7.066667 7.100000 7.133333 7.166667 7.200000 7.233333 7.266667 7.300000 7.333333 7.366667 7.400000 7.433333
7.466667 7.500000 7.533333 7.566667 7.600000 7.633333 7.666667 7.700000 7.733333 7.766667 7.800000 7.833333 7.866667 7.900000 7.933333 7.966667
8.000000 8.033333 8.066667 8.100000 8.133333 8.166667 8.200000 8.233333 8.266667 8.300000 8.333333 8.366667 8.400000 8.433333 8.466667 8.500000
8.533333 8.566667 8.600000 8.633333 8.666667 8.700000 8.733333 8.766667 8.800000 8.833333 8.866667 8.900000 8.933333 8.966667 9.000000 9.033333
9.066667 9.100000 9.133333 9.166667 9.200000 9.233333 9.266667 9.300000 9.333333 9.366667 9.400000 9.433333 9.466667 9.500000 9.533333 9.566667
9.600000 9.633333 9.666667 9.700000 9.733333 9.766667 9.800000 9.833333 9.866667 9.900000 9.933333 9.966667 10.000000 10.033333 10.066667 10.100000
10.133333 10.166667 10.200000 10.233333 10.266667 10.300000 10.333333 10.366667 10.400000 10.433333 10.466667 10.500000 10.533333 10.566667 10.600000 10.633333
10.666667 10.700000 10.733333 10.766667 10.800000 10.833333 10.866667 10.900000 10.933333 10.966667 11.000000 11.033333 11.066667 11.100000 11.133333 11.166667
11.200000 11.233333 11.266667 11.300000 11.333333 11.366667 11.400000 11.433333 11.466667 11.500000 11.533333 11.566667 11.600000 11.633333 11.666667 11.700000
11.733333 11.766667 11.800000 11.833333 11.866667 11.900000 11.933333 11.966667 12.000000</float_array><technique_common><accessor source="#CameraPreset-Matrix-animation-input-array" count="361"><param name="TIME" type="float"/></accessor></technique_common></source><source id="CameraPreset-Matrix-animation-output-transform"><float_array id="CameraPreset-Matrix-animation-output-transform-array" count="5776">

1.000000 0.000000 0.000000 0.000000 0.000000 1.000000 0.000000 0.797106 0.000000 0.000000 1.000000 0.015200 0.000000 0.000000 0.000000 1.000000
0.999848 0.000000 0.017452 0.000000 0.000000 1.000000 0.000000 0.797106 -0.017452 0.000000 0.999848 0.015200 0.000000 0.000000 0.000000 1.000000
0.999391 0.000000 0.034899 0.000000 0.000000 1.000000 0.000000 0.797106 -0.034899 0.000000 0.999391 0.015200 0.000000 0.000000 0.000000 1.000000
0.998630 0.000000 0.052336 0.000000 0.000000 1.000000 0.000000 0.797106 -0.052336 0.000000 0.998630 0.015200 0.000000 0.000000 0.000000 1.000000
0.997564 0.000000 0.069756 0.000000 0.000000 1.000000 0.000000 0.797106 -0.069756 0.000000 0.997564 0.015200 0.000000 0.000000 0.000000 1.000000
0.996195 0.000000 0.087156 0.000000 0.000000 1.000000 0.000000 0.797106 -0.087156 0.000000 0.996195 0.015200 0.000000 0.000000 0.000000 1.000000
0.994522 0.000000 0.104528 0.000000 0.000000 1.000000 0.000000 0.797106 -0.104528 0.000000 0.994522 0.015200 0.000000 0.000000 0.000000 1.000000
0.992546 0.000000 0.121869 0.000000 0.000000 1.000000 0.000000 0.797106 -0.121869 0.000000 0.992546 0.015200 0.000000 0.000000 0.000000 1.000000
0.990268 0.000000 0.139173 0.000000 0.000000 1.000000 0.000000 0.797106 -0.139173 0.000000 0.990268 0.015200 0.000000 0.000000 0.000000 1.000000
0.987688 0.000000 0.156434 0.000000 0.000000 1.000000 0.000000 0.797106 -0.156434 0.000000 0.987688 0.015200 0.000000 0.000000 0.000000 1.000000
0.984808 0.000000 0.173648 0.000000 0.000000 1.000000 0.000000 0.797106 -0.173648 0.000000 0.984808 0.015200 0.000000 0.000000 0.000000 1.000000
0.981627 0.000000 0.190809 0.000000 0.000000 1.000000 0.000000 0.797106 -0.190809 0.000000 0.981627 0.015200 0.000000 0.000000 0.000000 1.000000
0.978148 0.000000 0.207912 0.000000 0.000000 1.000000 0.000000 0.797106 -0.207912 0.000000 0.978148 0.015200 0.000000 0.000000 0.000000 1.000000
0.974370 0.000000 0.224951 0.000000 0.000000 1.000000 0.000000 0.797106 -0.224951 0.000000 0.974370 0.015200 0.000000 0.000000 0.000000 1.000000
0.970296 0.000000 0.241922 0.000000 0.000000 1.000000 0.000000 0.797106 -0.241922 0.000000 0.970296 0.015200 0.000000 0.000000 0.000000 1.000000
0.965926 0.000000 0.258819 0.000000 0.000000 1.000000 0.000000 0.797106 -0.258819 0.000000 0.965926 0.015200 0.000000 0.000000 0.000000 1.000000
0.961262 0.000000 0.275637 0.000000 0.000000 1.000000 0.000000 0.797106 -0.275637 0.000000 0.961262 0.015200 0.000000 0.000000 0.000000 1.000000
0.956305 0.000000 0.292372 0.000000 0.000000 1.000000 0.000000 0.797106 -0.292372 0.000000 0.956305 0.015200 0.000000 0.000000 0.000000 1.000000
0.951057 0.000000 0.309017 0.000000 0.000000 1.000000 0.000000 0.797106 -0.309017 0.000000 0.951057 0.015200 0.000000 0.000000 0.000000 1.000000
0.945519 0.000000 0.325568 0.000000 0.000000 1.000000 0.000000 0.797106 -0.325568 0.000000 0.945519 0.015200 0.000000 0.000000 0.000000 1.000000
0.939693 0.000000 0.342020 0.000000 0.000000 1.000000 0.000000 0.797106 -0.342020 0.000000 0.939693 0.015200 0.000000 0.000000 0.000000 1.000000
0.933580 0.000000 0.358368 0.000000 0.000000 1.000000 0.000000 0.797106 -0.358368 0.000000 0.933580 0.015200 0.000000 0.000000 0.000000 1.000000
0.927184 0.000000 0.374607 0.000000 0.000000 1.000000 0.000000 0.797106 -0.374607 0.000000 0.927184 0.015200 0.000000 0.000000 0.000000 1.000000
0.920505 0.000000 0.390731 0.000000 0.000000 1.000000 0.000000 0.797106 -0.390731 0.000000 0.920505 0.015200 0.000000 0.000000 0.000000 1.000000
0.913545 0.000000 0.406737 0.000000 0.000000 1.000000 0.000000 0.797106 -0.406737 0.000000 0.913545 0.015200 0.000000 0.000000 0.000000 1.000000
0.906308 0.000000 0.422618 0.000000 0.000000 1.000000 0.000000 0.797106 -0.422618 0.000000 0.906308 0.015200 0.000000 0.000000 0.000000 1.000000
0.898794 0.000000 0.438371 0.000000 0.000000 1.000000 0.000000 0.797106 -0.438371 0.000000 0.898794 0.015200 0.000000 0.000000 0.000000 1.000000
0.891007 0.000000 0.453990 0.000000 0.000000 1.000000 0.000000 0.797106 -0.453990 0.000000 0.891007 0.015200 0.000000 0.000000 0.000000 1.000000
0.882948 0.000000 0.469472 0.000000 0.000000 1.000000 0.000000 0.797106 -0.469472 0.000000 0.882948 0.015200 0.000000 0.000000 0.000000 1.000000
0.874620 0.000000 0.484810 0.000000 0.000000 1.000000 0.000000 0.797106 -0.484810 0.000000 0.874620 0.015200 0.000000 0.000000 0.000000 1.000000
0.866025 0.000000 0.500000 0.000000 0.000000 1.000000 0.000000 0.797106 -0.500000 0.000000 0.866025 0.015200 0.000000 0.000000 0.000000 1.000000
0.857167 0.000000 0.515038 0.000000 0.000000 1.000000 0.000000 0.797106 -0.515038 0.000000 0.857167 0.015200 0.000000 0.000000 0.000000 1.000000
0.848048 0.000000 0.529919 0.000000 0.000000 1.000000 0.000000 0.797106 -0.529919 0.000000 0.848048 0.015200 0.000000 0.000000 0.000000 1.000000
0.838671 0.000000 0.544639 0.000000 0.000000 1.000000 0.000000 0.797106 -0.544639 0.000000 0.838671 0.015200 0.000000 0.000000 0.000000 1.000000
0.829038 0.000000 0.559193 0.000000 0.000000 1.000000 0.000000 0.797106 -0.559193 0.000000 0.829038 0.015200 0.000000 0.000000 0.000000 1.000000
0.819152 0.000000 0.573576 0.000000 0.000000 1.000000 0.000000 0.797106 -0.573576 0.000000 0.819152 0.015200 0.000000 0.000000 0.000000 1.000000
0.809017 0.000000 0.587785 0.000000 0.000000 1.000000 0.000000 0.797106 -0.587785 0.000000 0.809017 0.015200 0.000000 0.000000 0.000000 1.000000
0.798636 0.000000 0.601815 0.000000 0.000000 1.000000 0.000000 0.797106 -0.601815 0.000000 0.798636 0.015200 0.000000 0.000000 0.000000 1.000000
0.788011 0.000000 0.615661 0.000000 0.000000 1.000000 0.000000 0.797106 -0.615661 0.000000 0.788011 0.015200 0.000000 0.000000 0.000000 1.000000
0.777146 0.000000 0.629320 0.000000 0.000000 1.000000 0.000000 0.797106 -0.629320 0.000000 0.777146 0.015200 0.000000 0.000000 0.000000 1.000000
0.766044 0.000000 0.642788 0.000000 0.000000 1.000000 0.000000 0.797106 -0.642788 0.000000 0.766044 0.015200 0.000000 0.000000 0.000000 1.000000
0.754710 0.000000 0.656059 0.000000 0.000000 1.000000 0.000000 0.797106 -0.656059 0.000000 0.754710 0.015200 0.000000 0.000000 0.000000 1.000000
0.743145 0.000000 0.669131 0.000000 0.000000 1.000000 0.000000 0.797106 -0.669131 0.000000 0.743145 0.015200 0.000000 0.000000 0.000000 1.000000
0.731354 0.000000 0.681998 0.000000 0.000000 1.000000 0.000000 0.797106 -0.681998 0.000000 0.731354 0.015200 0.000000 0.000000 0.000000 1.000000
0.719340 0.000000 0.694658 0.000000 0.000000 1.000000 0.000000 0.797106 -0.694658 0.000000 0.719340 0.015200 0.000000 0.000000 0.000000 1.000000
0.707107 0.000000 0.707107 0.000000 0.000000 1.000000 0.000000 0.797106 -0.707107 0.000000 0.707107 0.015200 0.000000 0.000000 0.000000 1.000000
0.694658 0.000000 0.719340 0.000000 0.000000 1.000000 0.000000 0.797106 -0.719340 0.000000 0.694658 0.015200 0.000000 0.000000 0.000000 1.000000
0.681998 0.000000 0.731354 0.000000 0.000000 1.000000 0.000000 0.797106 -0.731354 0.000000 0.681998 0.015200 0.000000 0.000000 0.000000 1.000000
0.669131 0.000000 0.743145 0.000000 0.000000 1.000000 0.000000 0.797106 -0.743145 0.000000 0.669131 0.015200 0.000000 0.000000 0.000000 1.000000
0.656059 0.000000 0.754710 0.000000 0.000000 1.000000 0.000000 0.797106 -0.754710 0.000000 0.656059 0.015200 0.000000 0.000000 0.000000 1.000000
0.642788 0.000000 0.766044 0.000000 0.000000 1.000000 0.000000 0.797106 -0.766044 0.000000 0.642788 0.015200 0.000000 0.000000 0.000000 1.000000
0.629320 0.000000 0.777146 0.000000 0.000000 1.000000 0.000000 0.797106 -0.777146 0.000000 0.629320 0.015200 0.000000 0.000000 0.000000 1.000000
0.615661 0.000000 0.788011 0.000000 0.000000 1.000000 0.000000 0.797106 -0.788011 0.000000 0.615661 0.015200 0.000000 0.000000 0.000000 1.000000
0.601815 0.000000 0.798636 0.000000 0.000000 1.000000 0.000000 0.797106 -0.798636 0.000000 0.601815 0.015200 0.000000 0.000000 0.000000 1.000000
0.587785 0.000000 0.809017 0.000000 0.000000 1.000000 0.000000 0.797106 -0.809017 0.000000 0.587785 0.015200 0.000000 0.000000 0.000000 1.000000
0.573576 0.000000 0.819152 0.000000 0.000000 1.000000 0.000000 0.797106 -0.819152 0.000000 0.573576 0.015200 0.000000 0.000000 0.000000 1.000000
0.559193 0.000000 0.829038 0.000000 0.000000 1.000000 0.000000 0.797106 -0.829038 0.000000 0.559193 0.015200 0.000000 0.000000 0.000000 1.000000
0.544639 0.000000 0.838671 0.000000 0.000000 1.000000 0.000000 0.797106 -0.838671 0.000000 0.544639 0.015200 0.000000 0.000000 0.000000 1.000000
0.529919 0.000000 0.848048 0.000000 0.000000 1.000000 0.000000 0.797106 -0.848048 0.000000 0.529919 0.015200 0.000000 0.000000 0.000000 1.000000
0.515038 0.000000 0.857167 0.000000 0.000000 1.000000 0.000000 0.797106 -0.857167 0.000000 0.515038 0.015200 0.000000 0.000000 0.000000 1.000000
0.500000 0.000000 0.866025 0.000000 0.000000 1.000000 0.000000 0.797106 -0.866025 0.000000 0.500000 0.015200 0.000000 0.000000 0.000000 1.000000
0.484810 0.000000 0.874620 0.000000 0.000000 1.000000 0.000000 0.797106 -0.874620 0.000000 0.484810 0.015200 0.000000 0.000000 0.000000 1.000000
0.469472 0.000000 0.882948 0.000000 0.000000 1.000000 0.000000 0.797106 -0.882948 0.000000 0.469472 0.015200 0.000000 0.000000 0.000000 1.000000
0.453990 0.000000 0.891007 0.000000 0.000000 1.000000 0.000000 0.797106 -0.891007 0.000000 0.453990 0.015200 0.000000 0.000000 0.000000 1.000000
0.438371 0.000000 0.898794 0.000000 0.000000 1.000000 0.000000 0.797106 -0.898794 0.000000 0.438371 0.015200 0.000000 0.000000 0.000000 1.000000
0.422618 0.000000 0.906308 0.000000 0.000000 1.000000 0.000000 0.797106 -0.906308 0.000000 0.422618 0.015200 0.000000 0.000000 0.000000 1.000000
0.406737 0.000000 0.913545 0.000000 0.000000 1.000000 0.000000 0.797106 -0.913545 0.000000 0.406737 0.015200 0.000000 0.000000 0.000000 1.000000
0.390731 0.000000 0.920505 0.000000 0.000000 1.000000 0.000000 0.797106 -0.920505 0.000000 0.390731 0.015200 0.000000 0.000000 0.000000 1.000000
0.374607 0.000000 0.927184 0.000000 0.000000 1.000000 0.000000 0.797106 -0.927184 0.000000 0.374607 0.015200 0.000000 0.000000 0.000000 1.000000
0.358368 0.000000 0.933580 0.000000 0.000000 1.000000 0.000000 0.797106 -0.933580 0.000000 0.358368 0.015200 0.000000 0.000000 0.000000 1.000000
0.342020 0.000000 0.939693 0.000000 0.000000 1.000000 0.000000 0.797106 -0.939693 0.000000 0.342020 0.015200 0.000000 0.000000 0.000000 1.000000
0.325568 0.000000 0.945519 0.000000 0.000000 1.000000 0.000000 0.797106 -0.945519 0.000000 0.325568 0.015200 0.000000 0.000000 0.000000 1.000000
0.309017 0.000000 0.951057 0.000000 0.000000 1.000000 0.000000 0.797106 -0.951057 0.000000 0.309017 0.015200 0.000000 0.000000 0.000000 1.000000
0.292372 0.000000 0.956305 0.000000 0.000000 1.000000 0.000000 0.797106 -0.956305 0.000000 0.292372 0.015200 0.000000 0.000000 0.000000 1.000000
0.275637 0.000000 0.961262 0.000000 0.000000 1.000000 0.000000 0.797106 -0.961262 0.000000 0.275637 0.015200 0.000000 0.000000 0.000000 1.000000
0.258819 0.000000 0.965926 0.000000 0.000000 1.000000 0.000000 0.797106 -0.965926 0.000000 0.258819 0.015200 0.000000 0.000000 0.000000 1.000000
0.241922 0.000000 0.970296 0.000000 0.000000 1.000000 0.000000 0.797106 -0.970296 0.000000 0.241922 0.015200 0.000000 0.000000 0.000000 1.000000
0.224951 0.000000 0.974370 0.000000 0.000000 1.000000 0.000000 0.797106 -0.974370 0.000000 0.224951 0.015200 0.000000 0.000000 0.000000 1.000000
0.207912 0.000000 0.978148 0.000000 0.000000 1.000000 0.000000 0.797106 -0.978148 0.000000 0.207912 0.015200 0.000000 0.000000 0.000000 1.000000
0.190809 0.000000 0.981627 0.000000 0.000000 1.000000 0.000000 0.797106 -0.981627 0.000000 0.190809 0.015200 0.000000 0.000000 0.000000 1.000000
0.173648 0.000000 0.984808 0.000000 0.000000 1.000000 0.000000 0.797106 -0.984808 0.000000 0.173648 0.015200 0.000000 0.000000 0.000000 1.000000
0.156434 0.000000 0.987688 0.000000 0.000000 1.000000 0.000000 0.797106 -0.987688 0.000000 0.156434 0.015200 0.000000 0.000000 0.000000 1.000000
0.139173 0.000000 0.990268 0.000000 0.000000 1.000000 0.000000 0.797106 -0.990268 0.000000 0.139173 0.015200 0.000000 0.000000 0.000000 1.000000
0.121869 0.000000 0.992546 0.000000 0.000000 1.000000 0.000000 0.797106 -0.992546 0.000000 0.121869 0.015200 0.000000 0.000000 0.000000 1.000000
0.104528 0.000000 0.994522 0.000000 0.000000 1.000000 0.000000 0.797106 -0.994522 0.000000 0.104528 0.015200 0.000000 0.000000 0.000000 1.000000
0.087156 0.000000 0.996195 0.000000 0.000000 1.000000 0.000000 0.797106 -0.996195 0.000000 0.087156 0.015200 0.000000 0.000000 0.000000 1.000000
0.069756 0.000000 0.997564 0.000000 0.000000 1.000000 0.000000 0.797106 -0.997564 0.000000 0.069756 0.015200 0.000000 0.000000 0.000000 1.000000
0.052336 0.000000 0.998630 0.000000 0.000000 1.000000 0.000000 0.797106 -0.998630 0.000000 0.052336 0.015200 0.000000 0.000000 0.000000 1.000000
0.034899 0.000000 0.999391 0.000000 0.000000 1.000000 0.000000 0.797106 -0.999391 0.000000 0.034899 0.015200 0.000000 0.000000 0.000000 1.000000
0.017452 0.000000 0.999848 0.000000 0.000000 1.000000 0.000000 0.797106 -0.999848 0.000000 0.017452 0.015200 0.000000 0.000000 0.000000 1.000000
0.000000 0.000000 1.000000 0.000000 0.000000 1.000000 0.000000 0.797106 -1.000000 0.000000 0.000000 0.015200 0.000000 0.000000 0.000000 1.000000
-0.017452 0.000000 0.999848 0.000000 0.000000 1.000000 0.000000 0.797106 -0.999848 0.000000 -0.017452 0.015200 0.000000 0.000000 0.000000 1.000000
-0.034899 0.000000 0.999391 0.000000 0.000000 1.000000 0.000000 0.797106 -0.999391 0.000000 -0.034899 0.015200 0.000000 0.000000 0.000000 1.000000
-0.052336 0.000000 0.998630 0.000000 0.000000 1.000000 0.000000 0.797106 -0.998630 0.000000 -0.052336 0.015200 0.000000 0.000000 0.000000 1.000000
-0.069756 0.000000 0.997564 0.000000 0.000000 1.000000 0.000000 0.797106 -0.997564 0.000000 -0.069756 0.015200 0.000000 0.000000 0.000000 1.000000
-0.087156 0.000000 0.996195 0.000000 0.000000 1.000000 0.000000 0.797106 -0.996195 0.000000 -0.087156 0.015200 0.000000 0.000000 0.000000 1.000000
-0.104528 0.000000 0.994522 0.000000 0.000000 1.000000 0.000000 0.797106 -0.994522 0.000000 -0.104528 0.015200 0.000000 0.000000 0.000000 1.000000
-0.121869 0.000000 0.992546 0.000000 0.000000 1.000000 0.000000 0.797106 -0.992546 0.000000 -0.121869 0.015200 0.000000 0.000000 0.000000 1.000000
-0.139173 0.000000 0.990268 0.000000 0.000000 1.000000 0.000000 0.797106 -0.990268 0.000000 -0.139173 0.015200 0.000000 0.000000 0.000000 1.000000
-0.156434 0.000000 0.987688 0.000000 0.000000 1.000000 0.000000 0.797106 -0.987688 0.000000 -0.156434 0.015200 0.000000 0.000000 0.000000 1.000000
-0.173648 0.000000 0.984808 0.000000 0.000000 1.000000 0.000000 0.797106 -0.984808 0.000000 -0.173648 0.015200 0.000000 0.000000 0.000000 1.000000
-0.190809 0.000000 0.981627 0.000000 0.000000 1.000000 0.000000 0.797106 -0.981627 0.000000 -0.190809 0.015200 0.000000 0.000000 0.000000 1.000000
-0.207912 0.000000 0.978148 0.000000 0.000000 1.000000 0.000000 0.797106 -0.978148 0.000000 -0.207912 0.015200 0.000000 0.000000 0.000000 1.000000
-0.224951 0.000000 0.974370 0.000000 0.000000 1.000000 0.000000 0.797106 -0.974370 0.000000 -0.224951 0.015200 0.000000 0.000000 0.000000 1.000000
-0.241922 0.000000 0.970296 0.000000 0.000000 1.000000 0.000000 0.797106 -0.970296 0.000000 -0.241922 0.015200 0.000000 0.000000 0.000000 1.000000
-0.258819 0.000000 0.965926 0.000000 0.000000 1.000000 0.000000 0.797106 -0.965926 0.000000 -0.258819 0.015200 0.000000 0.000000 0.000000 1.000000
-0.275637 0.000000 0.961262 0.000000 0.000000 1.000000 0.000000 0.797106 -0.961262 0.000000 -0.275637 0.015200 0.000000 0.000000 0.000000 1.000000
-0.292372 0.000000 0.956305 0.000000 0.000000 1.000000 0.000000 0.797106 -0.956305 0.000000 -0.292372 0.015200 0.000000 0.000000 0.000000 1.000000
-0.309017 0.000000 0.951057 0.000000 0.000000 1.000000 0.000000 0.797106 -0.951057 0.000000 -0.309017 0.015200 0.000000 0.000000 0.000000 1.000000
-0.325568 0.000000 0.945519 0.000000 0.000000 1.000000 0.000000 0.797106 -0.945519 0.000000 -0.325568 0.015200 0.000000 0.000000 0.000000 1.000000
-0.342020 0.000000 0.939693 0.000000 0.000000 1.000000 0.000000 0.797106 -0.939693 0.000000 -0.342020 0.015200 0.000000 0.000000 0.000000 1.000000
-0.358368 0.000000 0.933580 0.000000 0.000000 1.000000 0.000000 0.797106 -0.933580 0.000000 -0.358368 0.015200 0.000000 0.000000 0.000000 1.000000
-0.374607 0.000000 0.927184 0.000000 0.000000 1.000000 0.000000 0.797106 -0.927184 0.000000 -0.374607 0.015200 0.000000 0.000000 0.000000 1.000000
-0.390731 0.000000 0.920505 0.000000 0.000000 1.000000 0.000000 0.797106 -0.920505 0.000000 -0.390731 0.015200 0.000000 0.000000 0.000000 1.000000
-0.406737 0.000000 0.913545 0.000000 0.000000 1.000000 0.000000 0.797106 -0.913545 0.000000 -0.406737 0.015200 0.000000 0.000000 0.000000 1.000000
-0.422618 0.000000 0.906308 0.000000 0.000000 1.000000 0.000000 0.797106 -0.906308 0.000000 -0.422618 0.015200 0.000000 0.000000 0.000000 1.000000
-0.438371 0.000000 0.898794 0.000000 0.000000 1.000000 0.000000 0.797106 -0.898794 0.000000 -0.438371 0.015200 0.000000 0.000000 0.000000 1.000000
-0.453990 0.000000 0.891007 0.000000 0.000000 1.000000 0.000000 0.797106 -0.891007 0.000000 -0.453990 0.015200 0.000000 0.000000 0.000000 1.000000
-0.469472 0.000000 0.882948 0.000000 0.000000 1.000000 0.000000 0.797106 -0.882948 0.000000 -0.469472 0.015200 0.000000 0.000000 0.000000 1.000000
-0.484810 0.000000 0.874620 0.000000 0.000000 1.000000 0.000000 0.797106 -0.874620 0.000000 -0.484810 0.015200 0.000000 0.000000 0.000000 1.000000
-0.500000 0.000000 0.866025 0.000000 0.000000 1.000000 0.000000 0.797106 -0.866025 0.000000 -0.500000 0.015200 0.000000 0.000000 0.000000 1.000000
-0.515038 0.000000 0.857167 0.000000 0.000000 1.000000 0.000000 0.797106 -0.857167 0.000000 -0.515038 0.015200 0.000000 0.000000 0.000000 1.000000
-0.529919 0.000000 0.848048 0.000000 0.000000 1.000000 0.000000 0.797106 -0.848048 0.000000 -0.529919 0.015200 0.000000 0.000000 0.000000 1.000000
-0.544639 0.000000 0.838671 0.000000 0.000000 1.000000 0.000000 0.797106 -0.838671 0.000000 -0.544639 0.015200 0.000000 0.000000 0.000000 1.000000
-0.559193 0.000000 0.829038 0.000000 0.000000 1.000000 0.000000 0.797106 -0.829038 0.000000 -0.559193 0.015200 0.000000 0.000000 0.000000 1.000000
-0.573576 0.000000 0.819152 0.000000 0.000000 1.000000 0.000000 0.797106 -0.819152 0.000000 -0.573576 0.015200 0.000000 0.000000 0.000000 1.000000
-0.587785 0.000000 0.809017 0.000000 0.000000 1.000000 0.000000 0.797106 -0.809017 0.000000 -0.587785 0.015200 0.000000 0.000000 0.000000 1.000000
-0.601815 0.000000 0.798636 0.000000 0.000000 1.000000 0.000000 0.797106 -0.798636 0.000000 -0.601815 0.015200 0.000000 0.000000 0.000000 1.000000
-0.615661 0.000000 0.788011 0.000000 0.000000 1.000000 0.000000 0.797106 -0.788011 0.000000 -0.615661 0.015200 0.000000 0.000000 0.000000 1.000000
-0.629320 0.000000 0.777146 0.000000 0.000000 1.000000 0.000000 0.797106 -0.777146 0.000000 -0.629320 0.015200 0.000000 0.000000 0.000000 1.000000
-0.642788 0.000000 0.766044 0.000000 0.000000 1.000000 0.000000 0.797106 -0.766044 0.000000 -0.642788 0.015200 0.000000 0.000000 0.000000 1.000000
-0.656059 0.000000 0.754710 0.000000 0.000000 1.000000 0.000000 0.797106 -0.754710 0.000000 -0.656059 0.015200 0.000000 0.000000 0.000000 1.000000
-0.669131 0.000000 0.743145 0.000000 0.000000 1.000000 0.000000 0.797106 -0.743145 0.000000 -0.669131 0.015200 0.000000 0.000000 0.000000 1.000000
-0.681998 0.000000 0.731354 0.000000 0.000000 1.000000 0.000000 0.797106 -0.731354 0.000000 -0.681998 0.015200 0.000000 0.000000 0.000000 1.000000
-0.694658 0.000000 0.719340 0.000000 0.000000 1.000000 0.000000 0.797106 -0.719340 0.000000 -0.694658 0.015200 0.000000 0.000000 0.000000 1.000000
-0.707107 0.000000 0.707107 0.000000 0.000000 1.000000 0.000000 0.797106 -0.707107 0.000000 -0.707107 0.015200 0.000000 0.000000 0.000000 1.000000
-0.719340 0.000000 0.694658 0.000000 0.000000 1.000000 0.000000 0.797106 -0.694658 0.000000 -0.719340 0.015200 0.000000 0.000000 0.000000 1.000000
-0.731354 0.000000 0.681998 0.000000 0.000000 1.000000 0.000000 0.797106 -0.681998 0.000000 -0.731354 0.015200 0.000000 0.000000 0.000000 1.000000
-0.743145 0.000000 0.669131 0.000000 0.000000 1.000000 0.000000 0.797106 -0.669131 0.000000 -0.743145 0.015200 0.000000 0.000000 0.000000 1.000000
-0.754710 0.000000 0.656059 0.000000 0.000000 1.000000 0.000000 0.797106 -0.656059 0.000000 -0.754710 0.015200 0.000000 0.000000 0.000000 1.000000
-0.766044 0.000000 0.642788 0.000000 0.000000 1.000000 0.000000 0.797106 -0.642788 0.000000 -0.766044 0.015200 0.000000 0.000000 0.000000 1.000000
-0.777146 0.000000 0.629320 0.000000 0.000000 1.000000 0.000000 0.797106 -0.629320 0.000000 -0.777146 0.015200 0.000000 0.000000 0.000000 1.000000
-0.788011 0.000000 0.615661 0.000000 0.000000 1.000000 0.000000 0.797106 -0.615661 0.000000 -0.788011 0.015200 0.000000 0.000000 0.000000 1.000000
-0.798636 0.000000 0.601815 0.000000 0.000000 1.000000 0.000000 0.797106 -0.601815 0.000000 -0.798636 0.015200 0.000000 0.000000 0.000000 1.000000
-0.809017 0.000000 0.587785 0.000000 0.000000 1.000000 0.000000 0.797106 -0.587785 0.000000 -0.809017 0.015200 0.000000 0.000000 0.000000 1.000000
-0.819152 0.000000 0.573576 0.000000 0.000000 1.000000 0.000000 0.797106 -0.573576 0.000000 -0.819152 0.015200 0.000000 0.000000 0.000000 1.000000
-0.829038 0.000000 0.559193 0.000000 0.000000 1.000000 0.000000 0.797106 -0.559193 0.000000 -0.829038 0.015200 0.000000 0.000000 0.000000 1.000000
-0.838671 0.000000 0.544639 0.000000 0.000000 1.000000 0.000000 0.797106 -0.544639 0.000000 -0.838671 0.015200 0.000000 0.000000 0.000000 1.000000
-0.848048 0.000000 0.529919 0.000000 0.000000 1.000000 0.000000 0.797106 -0.529919 0.000000 -0.848048 0.015200 0.000000 0.000000 0.000000 1.000000
-0.857167 0.000000 0.515038 0.000000 0.000000 1.000000 0.000000 0.797106 -0.515038 0.000000 -0.857167 0.015200 0.000000 0.000000 0.000000 1.000000
-0.866025 0.000000 0.500000 0.000000 0.000000 1.000000 0.000000 0.797106 -0.500000 0.000000 -0.866025 0.015200 0.000000 0.000000 0.000000 1.000000
-0.874620 0.000000 0.484810 0.000000 0.000000 1.000000 0.000000 0.797106 -0.484810 0.000000 -0.874620 0.015200 0.000000 0.000000 0.000000 1.000000
-0.882948 0.000000 0.469472 0.000000 0.000000 1.000000 0.000000 0.797106 -0.469472 0.000000 -0.882948 0.015200 0.000000 0.000000 0.000000 1.000000
-0.891007 0.000000 0.453990 0.000000 0.000000 1.000000 0.000000 0.797106 -0.453990 0.000000 -0.891007 0.015200 0.000000 0.000000 0.000000 1.000000
-0.898794 0.000000 0.438371 0.000000 0.000000 1.000000 0.000000 0.797106 -0.438371 0.000000 -0.898794 0.015200 0.000000 0.000000 0.000000 1.000000
-0.906308 0.000000 0.422618 0.000000 0.000000 1.000000 0.000000 0.797106 -0.422618 0.000000 -0.906308 0.015200 0.000000 0.000000 0.000000 1.000000
-0.913545 0.000000 0.406737 0.000000 0.000000 1.000000 0.000000 0.797106 -0.406737 0.000000 -0.913545 0.015200 0.000000 0.000000 0.000000 1.000000
-0.920505 0.000000 0.390731 0.000000 0.000000 1.000000 0.000000 0.797106 -0.390731 0.000000 -0.920505 0.015200 0.000000 0.000000 0.000000 1.000000
-0.927184 0.000000 0.374607 0.000000 0.000000 1.000000 0.000000 0.797106 -0.374607 0.000000 -0.927184 0.015200 0.000000 0.000000 0.000000 1.000000
-0.933580 0.000000 0.358368 0.000000 0.000000 1.000000 0.000000 0.797106 -0.358368 0.000000 -0.933580 0.015200 0.000000 0.000000 0.000000 1.000000
-0.939693 0.000000 0.342020 0.000000 0.000000 1.000000 0.000000 0.797106 -0.342020 0.000000 -0.939693 0.015200 0.000000 0.000000 0.000000 1.000000
-0.945519 0.000000 0.325568 0.000000 0.000000 1.000000 0.000000 0.797106 -0.325568 0.000000 -0.945519 0.015200 0.000000 0.000000 0.000000 1.000000
-0.951057 0.000000 0.309017 0.000000 0.000000 1.000000 0.000000 0.797106 -0.309017 0.000000 -0.951057 0.015200 0.000000 0.000000 0.000000 1.000000
-0.956305 0.000000 0.292372 0.000000 0.000000 1.000000 0.000000 0.797106 -0.292372 0.000000 -0.956305 0.015200 0.000000 0.000000 0.000000 1.000000
-0.961262 0.000000 0.275637 0.000000 0.000000 1.000000 0.000000 0.797106 -0.275637 0.000000 -0.961262 0.015200 0.000000 0.000000 0.000000 1.000000
-0.965926 0.000000 0.258819 0.000000 0.000000 1.000000 0.000000 0.797106 -0.258819 0.000000 -0.965926 0.015200 0.000000 0.000000 0.000000 1.000000
-0.970296 0.000000 0.241922 0.000000 0.000000 1.000000 0.000000 0.797106 -0.241922 0.000000 -0.970296 0.015200 0.000000 0.000000 0.000000 1.000000
-0.974370 0.000000 0.224951 0.000000 0.000000 1.000000 0.000000 0.797106 -0.224951 0.000000 -0.974370 0.015200 0.000000 0.000000 0.000000 1.000000
-0.978148 0.000000 0.207912 0.000000 0.000000 1.000000 0.000000 0.797106 -0.207912 0.000000 -0.978148 0.015200 0.000000 0.000000 0.000000 1.000000
-0.981627 0.000000 0.190809 0.000000 0.000000 1.000000 0.000000 0.797106 -0.190809 0.000000 -0.981627 0.015200 0.000000 0.000000 0.000000 1.000000
-0.984808 0.000000 0.173648 0.000000 0.000000 1.000000 0.000000 0.797106 -0.173648 0.000000 -0.984808 0.015200 0.000000 0.000000 0.000000 1.000000
-0.987688 0.000000 0.156434 0.000000 0.000000 1.000000 0.000000 0.797106 -0.156434 0.000000 -0.987688 0.015200 0.000000 0.000000 0.000000 1.000000
-0.990268 0.000000 0.139173 0.000000 0.000000 1.000000 0.000000 0.797106 -0.139173 0.000000 -0.990268 0.015200 0.000000 0.000000 0.000000 1.000000
-0.992546 0.000000 0.121869 0.000000 0.000000 1.000000 0.000000 0.797106 -0.121869 0.000000 -0.992546 0.015200 0.000000 0.000000 0.000000 1.000000
-0.994522 0.000000 0.104528 0.000000 0.000000 1.000000 0.000000 0.797106 -0.104528 0.000000 -0.994522 0.015200 0.000000 0.000000 0.000000 1.000000
-0.996195 0.000000 0.087156 0.000000 0.000000 1.000000 0.000000 0.797106 -0.087156 0.000000 -0.996195 0.015200 0.000000 0.000000 0.000000 1.000000
-0.997564 0.000000 0.069756 0.000000 0.000000 1.000000 0.000000 0.797106 -0.069756 0.000000 -0.997564 0.015200 0.000000 0.000000 0.000000 1.000000
-0.998630 0.000000 0.052336 0.000000 0.000000 1.000000 0.000000 0.797106 -0.052336 0.000000 -0.998630 0.015200 0.000000 0.000000 0.000000 1.000000
-0.999391 0.000000 0.034899 0.000000 0.000000 1.000000 0.000000 0.797106 -0.034899 0.000000 -0.999391 0.015200 0.000000 0.000000 0.000000 1.000000
-0.999848 0.000000 0.017452 0.000000 0.000000 1.000000 0.000000 0.797106 -0.017452 0.000000 -0.999848 0.015200 0.000000 0.000000 0.000000 1.000000
-1.000000 0.000000 0.000000 0.000000 0.000000 1.000000 0.000000 0.797106 -0.000000 0.000000 -1.000000 0.015200 0.000000 0.000000 0.000000 1.000000
-0.999848 0.000000 -0.017452 0.000000 0.000000 1.000000 0.000000 0.797106 0.017452 0.000000 -0.999848 0.015200 0.000000 0.000000 0.000000 1.000000
-0.999391 0.000000 -0.034899 0.000000 0.000000 1.000000 0.000000 0.797106 0.034899 0.000000 -0.999391 0.015200 0.000000 0.000000 0.000000 1.000000
-0.998630 0.000000 -0.052336 0.000000 0.000000 1.000000 0.000000 0.797106 0.052336 0.000000 -0.998630 0.015200 0.000000 0.000000 0.000000 1.000000
-0.997564 0.000000 -0.069756 0.000000 0.000000 1.000000 0.000000 0.797106 0.069756 0.000000 -0.997564 0.015200 0.000000 0.000000 0.000000 1.000000
-0.996195 0.000000 -0.087156 0.000000 0.000000 1.000000 0.000000 0.797106 0.087156 0.000000 -0.996195 0.015200 0.000000 0.000000 0.000000 1.000000
-0.994522 0.000000 -0.104528 0.000000 0.000000 1.000000 0.000000 0.797106 0.104528 0.000000 -0.994522 0.015200 0.000000 0.000000 0.000000 1.000000
-0.992546 0.000000 -0.121869 0.000000 0.000000 1.000000 0.000000 0.797106 0.121869 0.000000 -0.992546 0.015200 0.000000 0.000000 0.000000 1.000000
-0.990268 0.000000 -0.139173 0.000000 0.000000 1.000000 0.000000 0.797106 0.139173 0.000000 -0.990268 0.015200 0.000000 0.000000 0.000000 1.000000
-0.987688 0.000000 -0.156434 0.000000 0.000000 1.000000 0.000000 0.797106 0.156434 0.000000 -0.987688 0.015200 0.000000 0.000000 0.000000 1.000000
-0.984808 0.000000 -0.173648 0.000000 0.000000 1.000000 0.000000 0.797106 0.173648 0.000000 -0.984808 0.015200 0.000000 0.000000 0.000000 1.000000
-0.981627 0.000000 -0.190809 0.000000 0.000000 1.000000 0.000000 0.797106 0.190809 0.000000 -0.981627 0.015200 0.000000 0.000000 0.000000 1.000000
